1,1,0.0000
1,2,0.3230
1,3,0.3724
1,4,0.3985
1,5,0.4300
1,6,0.4570
1,7,0.4607
1,8,0.4725
1,9,0.4762
1,10,0.4871
1,11,0.4894
1,12,0.4893
1,13,0.4938
1,14,0.4941
1,15,0.4946
1,16,0.4965
1,17,0.4973
1,18,0.5024
1,19,0.5027
1,20,0.5007
1,21,0.5062
1,22,0.5033
1,23,0.5021
1,24,0.4984
1,25,0.4947
1,26,0.4976
1,27,0.4969
1,28,0.4980
1,29,0.4991
1,30,0.4951
1,31,0.4962
1,32,0.4920
1,33,0.4930
1,34,0.4917
1,35,0.4955
1,36,0.4909
1,37,0.4927
1,38,0.4873
1,39,0.4818
1,40,0.4796
1,41,0.4689
1,42,0.4422
1,43,0.4093
1,44,0.3962
1,45,0.3735
1,46,0.3415
1,47,0.3633
1,48,0.4082
1,49,0.4350
1,50,0.4919
1,51,0.4869
1,52,0.4812
1,53,0.4841
1,54,0.4863
1,55,0.4901
1,56,0.4896
1,57,0.4904
1,58,0.4976
1,59,0.4944
1,60,0.4935
1,61,0.4919
1,62,0.4929
1,63,0.4949
1,64,0.4975
1,65,0.4962
1,66,0.4945
1,67,0.4937
1,68,0.4986
1,69,0.5023
1,70,0.5033
1,71,0.5005
1,72,0.4978
1,73,0.4975
1,74,0.5006
1,75,0.4986
1,76,0.4959
1,77,0.4958
1,78,0.4924
1,79,0.4923
1,80,0.4922
1,81,0.4867
1,82,0.4814
1,83,0.4763
1,84,0.4709
1,85,0.4577
1,86,0.4546
1,87,0.4393
1,88,0.4196
1,89,0.4018
1,90,0.2458
2,1,0.3230
2,2,0.0000
2,3,0.3378
2,4,0.3837
2,5,0.4191
2,6,0.4522
2,7,0.4579
2,8,0.4717
2,9,0.4758
2,10,0.4825
2,11,0.4945
2,12,0.4942
2,13,0.4981
2,14,0.4992
2,15,0.4993
2,16,0.5000
2,17,0.4992
2,18,0.4982
2,19,0.5037
2,20,0.5015
2,21,0.5084
2,22,0.5053
2,23,0.5048
2,24,0.5003
2,25,0.4976
2,26,0.4983
2,27,0.5003
2,28,0.5011
2,29,0.5017
2,30,0.4984
2,31,0.4980
2,32,0.4938
2,33,0.4931
2,34,0.4942
2,35,0.4921
2,36,0.4887
2,37,0.4890
2,38,0.4850
2,39,0.4770
2,40,0.4731
2,41,0.4626
2,42,0.4612
2,43,0.3985
2,44,0.3864
2,45,0.3708
2,46,0.3563
2,47,0.3505
2,48,0.4038
2,49,0.4347
2,50,0.4478
2,51,0.4993
2,52,0.4825
2,53,0.4867
2,54,0.4887
2,55,0.4909
2,56,0.4926
2,57,0.4927
2,58,0.4922
2,59,0.4962
2,60,0.4956
2,61,0.4936
2,62,0.4949
2,63,0.4952
2,64,0.4984
2,65,0.4995
2,66,0.4961
2,67,0.4944
2,68,0.4993
2,69,0.5019
2,70,0.5014
2,71,0.5009
2,72,0.4975
2,73,0.4965
2,74,0.4983
2,75,0.5011
2,76,0.4991
2,77,0.4978
2,78,0.4940
2,79,0.4932
2,80,0.4941
2,81,0.4888
2,82,0.4878
2,83,0.4817
2,84,0.4754
2,85,0.4678
2,86,0.4643
2,87,0.4471
2,88,0.4215
2,89,0.3971
2,90,0.3677
3,1,0.3724
3,2,0.3378
3,3,0.0000
3,4,0.3366
3,5,0.3900
3,6,0.4297
3,7,0.4411
3,8,0.4634
3,9,0.4691
3,10,0.4774
3,11,0.4829
3,12,0.4873
3,13,0.4920
3,14,0.4943
3,15,0.4934
3,16,0.4948
3,17,0.4950
3,18,0.4957
3,19,0.4930
3,20,0.4983
3,21,0.5044
3,22,0.5023
3,23,0.5030
3,24,0.4994
3,25,0.4973
3,26,0.4992
3,27,0.5015
3,28,0.5012
3,29,0.5009
3,30,0.4995
3,31,0.5008
3,32,0.4970
3,33,0.4979
3,34,0.4991
3,35,0.5010
3,36,0.4915
3,37,0.4931
3,38,0.4874
3,39,0.4778
3,40,0.4713
3,41,0.4573
3,42,0.4419
3,43,0.4376
3,44,0.3913
3,45,0.3727
3,46,0.3665
3,47,0.3594
3,48,0.3864
3,49,0.4199
3,50,0.4441
3,51,0.4617
3,52,0.4781
3,53,0.4838
3,54,0.4877
3,55,0.4873
3,56,0.4894
3,57,0.4932
3,58,0.4927
3,59,0.4931
3,60,0.4972
3,61,0.4957
3,62,0.4952
3,63,0.4950
3,64,0.4986
3,65,0.4976
3,66,0.4950
3,67,0.4981
3,68,0.4978
3,69,0.5002
3,70,0.4986
3,71,0.4995
3,72,0.4978
3,73,0.4982
3,74,0.4957
3,75,0.4980
3,76,0.4995
3,77,0.5000
3,78,0.4986
3,79,0.4972
3,80,0.4990
3,81,0.4939
3,82,0.4947
3,83,0.4921
3,84,0.4834
3,85,0.4775
3,86,0.4709
3,87,0.4457
3,88,0.4128
3,89,0.3763
3,90,0.3657
4,1,0.3985
4,2,0.3837
4,3,0.3366
4,4,0.0000
4,5,0.3145
4,6,0.3776
4,7,0.4010
4,8,0.4283
4,9,0.4367
4,10,0.4479
4,11,0.4542
4,12,0.4581
4,13,0.4673
4,14,0.4686
4,15,0.4698
4,16,0.4723
4,17,0.4746
4,18,0.4778
4,19,0.4756
4,20,0.4779
4,21,0.4904
4,22,0.4909
4,23,0.4921
4,24,0.4898
4,25,0.4903
4,26,0.4912
4,27,0.4961
4,28,0.4993
4,29,0.4953
4,30,0.4928
4,31,0.4973
4,32,0.4938
4,33,0.4929
4,34,0.4945
4,35,0.4985
4,36,0.4944
4,37,0.4859
4,38,0.4793
4,39,0.4699
4,40,0.4618
4,41,0.4398
4,42,0.4184
4,43,0.4339
4,44,0.4236
4,45,0.3936
4,46,0.3889
4,47,0.3923
4,48,0.3788
4,49,0.4314
4,50,0.4183
4,51,0.4388
4,52,0.4515
4,53,0.4635
4,54,0.4664
4,55,0.4679
4,56,0.4721
4,57,0.4759
4,58,0.4784
4,59,0.4743
4,60,0.4730
4,61,0.4804
4,62,0.4787
4,63,0.4808
4,64,0.4831
4,65,0.4861
4,66,0.4848
4,67,0.4876
4,68,0.4923
4,69,0.4921
4,70,0.4923
4,71,0.4939
4,72,0.4935
4,73,0.4937
4,74,0.4916
4,75,0.4930
4,76,0.4960
4,77,0.4981
4,78,0.4955
4,79,0.4984
4,80,0.4972
4,81,0.4918
4,82,0.4908
4,83,0.4907
4,84,0.4882
4,85,0.4786
4,86,0.4717
4,87,0.4406
4,88,0.4148
4,89,0.3978
4,90,0.3988
5,1,0.4300
5,2,0.4191
5,3,0.3900
5,4,0.3145
5,5,0.0000
5,6,0.2787
5,7,0.3308
5,8,0.3652
5,9,0.3754
5,10,0.3901
5,11,0.3988
5,12,0.4036
5,13,0.4121
5,14,0.4239
5,15,0.4313
5,16,0.4312
5,17,0.4391
5,18,0.4456
5,19,0.4456
5,20,0.4495
5,21,0.4584
5,22,0.4633
5,23,0.4682
5,24,0.4653
5,25,0.4661
5,26,0.4708
5,27,0.4762
5,28,0.4796
5,29,0.4821
5,30,0.4769
5,31,0.4811
5,32,0.4800
5,33,0.4795
5,34,0.4837
5,35,0.4863
5,36,0.4860
5,37,0.4898
5,38,0.4798
5,39,0.4683
5,40,0.4626
5,41,0.4443
5,42,0.4350
5,43,0.4395
5,44,0.4274
5,45,0.4337
5,46,0.4288
5,47,0.4352
5,48,0.4356
5,49,0.4473
5,50,0.4324
5,51,0.4102
5,52,0.4240
5,53,0.4364
5,54,0.4363
5,55,0.4410
5,56,0.4420
5,57,0.4450
5,58,0.4495
5,59,0.4481
5,60,0.4480
5,61,0.4558
5,62,0.4578
5,63,0.4628
5,64,0.4655
5,65,0.4704
5,66,0.4736
5,67,0.4787
5,68,0.4842
5,69,0.4900
5,70,0.4875
5,71,0.4897
5,72,0.4921
5,73,0.4920
5,74,0.4901
5,75,0.4904
5,76,0.4909
5,77,0.4911
5,78,0.4915
5,79,0.4937
5,80,0.4940
5,81,0.4886
5,82,0.4875
5,83,0.4897
5,84,0.4883
5,85,0.4868
5,86,0.4781
5,87,0.4576
5,88,0.4378
5,89,0.4400
5,90,0.4367
6,1,0.4570
6,2,0.4522
6,3,0.4297
6,4,0.3776
6,5,0.2787
6,6,0.0000
6,7,0.2153
6,8,0.2548
6,9,0.2687
6,10,0.2819
6,11,0.2959
6,12,0.3107
6,13,0.3303
6,14,0.3451
6,15,0.3691
6,16,0.3817
6,17,0.3968
6,18,0.4105
6,19,0.4119
6,20,0.4173
6,21,0.4314
6,22,0.4356
6,23,0.4492
6,24,0.4446
6,25,0.4469
6,26,0.4527
6,27,0.4620
6,28,0.4666
6,29,0.4738
6,30,0.4767
6,31,0.4747
6,32,0.4761
6,33,0.4762
6,34,0.4812
6,35,0.4843
6,36,0.4812
6,37,0.4866
6,38,0.4876
6,39,0.4770
6,40,0.4706
6,41,0.4590
6,42,0.4555
6,43,0.4642
6,44,0.4572
6,45,0.4624
6,46,0.4593
6,47,0.4608
6,48,0.4639
6,49,0.4600
6,50,0.4295
6,51,0.4066
6,52,0.3873
6,53,0.3818
6,54,0.3954
6,55,0.3876
6,56,0.3861
6,57,0.3906
6,58,0.3941
6,59,0.3976
6,60,0.4002
6,61,0.4077
6,62,0.4189
6,63,0.4300
6,64,0.4400
6,65,0.4452
6,66,0.4537
6,67,0.4606
6,68,0.4706
6,69,0.4766
6,70,0.4771
6,71,0.4791
6,72,0.4808
6,73,0.4812
6,74,0.4817
6,75,0.4853
6,76,0.4867
6,77,0.4895
6,78,0.4884
6,79,0.4868
6,80,0.4931
6,81,0.4896
6,82,0.4935
6,83,0.4906
6,84,0.4907
6,85,0.4895
6,86,0.4903
6,87,0.4776
6,88,0.4667
6,89,0.4666
6,90,0.4639
7,1,0.4607
7,2,0.4579
7,3,0.4411
7,4,0.4010
7,5,0.3308
7,6,0.2153
7,7,0.0000
7,8,0.1564
7,9,0.1921
7,10,0.2266
7,11,0.2536
7,12,0.2810
7,13,0.3102
7,14,0.3308
7,15,0.3524
7,16,0.3746
7,17,0.3929
7,18,0.4038
7,19,0.4112
7,20,0.4161
7,21,0.4287
7,22,0.4338
7,23,0.4407
7,24,0.4419
7,25,0.4443
7,26,0.4503
7,27,0.4579
7,28,0.4604
7,29,0.4684
7,30,0.4708
7,31,0.4763
7,32,0.4710
7,33,0.4717
7,34,0.4763
7,35,0.4816
7,36,0.4816
7,37,0.4899
7,38,0.4888
7,39,0.4826
7,40,0.4832
7,41,0.4702
7,42,0.4654
7,43,0.4654
7,44,0.4642
7,45,0.4681
7,46,0.4634
7,47,0.4679
7,48,0.4694
7,49,0.4724
7,50,0.4410
7,51,0.4216
7,52,0.4046
7,53,0.3849
7,54,0.3736
7,55,0.3810
7,56,0.3635
7,57,0.3727
7,58,0.3765
7,59,0.3850
7,60,0.3944
7,61,0.4023
7,62,0.4127
7,63,0.4234
7,64,0.4329
7,65,0.4390
7,66,0.4492
7,67,0.4559
7,68,0.4664
7,69,0.4740
7,70,0.4742
7,71,0.4790
7,72,0.4806
7,73,0.4802
7,74,0.4809
7,75,0.4847
7,76,0.4853
7,77,0.4889
7,78,0.4883
7,79,0.4905
7,80,0.4908
7,81,0.4878
7,82,0.4888
7,83,0.4858
7,84,0.4828
7,85,0.4826
7,86,0.4854
7,87,0.4782
7,88,0.4799
7,89,0.4743
7,90,0.4727
8,1,0.4725
8,2,0.4717
8,3,0.4634
8,4,0.4283
8,5,0.3652
8,6,0.2548
8,7,0.1564
8,8,0.0000
8,9,0.1239
8,10,0.1727
8,11,0.2132
8,12,0.2484
8,13,0.2796
8,14,0.3092
8,15,0.3327
8,16,0.3506
8,17,0.3792
8,18,0.3937
8,19,0.4012
8,20,0.4078
8,21,0.4224
8,22,0.4275
8,23,0.4352
8,24,0.4346
8,25,0.4353
8,26,0.4427
8,27,0.4507
8,28,0.4524
8,29,0.4593
8,30,0.4608
8,31,0.4677
8,32,0.4704
8,33,0.4672
8,34,0.4741
8,35,0.4811
8,36,0.4829
8,37,0.4917
8,38,0.4896
8,39,0.4827
8,40,0.4804
8,41,0.4788
8,42,0.4715
8,43,0.4763
8,44,0.4753
8,45,0.4758
8,46,0.4659
8,47,0.4724
8,48,0.4776
8,49,0.4805
8,50,0.4491
8,51,0.4264
8,52,0.4050
8,53,0.3837
8,54,0.3663
8,55,0.3655
8,56,0.3688
8,57,0.3675
8,58,0.3711
8,59,0.3772
8,60,0.3866
8,61,0.3953
8,62,0.4062
8,63,0.4186
8,64,0.4283
8,65,0.4325
8,66,0.4416
8,67,0.4469
8,68,0.4563
8,69,0.4646
8,70,0.4655
8,71,0.4741
8,72,0.4751
8,73,0.4747
8,74,0.4771
8,75,0.4804
8,76,0.4813
8,77,0.4838
8,78,0.4831
8,79,0.4837
8,80,0.4877
8,81,0.4840
8,82,0.4815
8,83,0.4824
8,84,0.4815
8,85,0.4901
8,86,0.4917
8,87,0.4846
8,88,0.4884
8,89,0.4807
8,90,0.4827
9,1,0.4762
9,2,0.4758
9,3,0.4691
9,4,0.4367
9,5,0.3754
9,6,0.2687
9,7,0.1921
9,8,0.1239
9,9,0.0000
9,10,0.1213
9,11,0.1658
9,12,0.2056
9,13,0.2408
9,14,0.2723
9,15,0.3011
9,16,0.3227
9,17,0.3484
9,18,0.3750
9,19,0.3835
9,20,0.3915
9,21,0.4089
9,22,0.4150
9,23,0.4240
9,24,0.4255
9,25,0.4312
9,26,0.4342
9,27,0.4422
9,28,0.4443
9,29,0.4524
9,30,0.4564
9,31,0.4647
9,32,0.4681
9,33,0.4725
9,34,0.4753
9,35,0.4823
9,36,0.4833
9,37,0.4907
9,38,0.4893
9,39,0.4800
9,40,0.4787
9,41,0.4670
9,42,0.4742
9,43,0.4792
9,44,0.4794
9,45,0.4804
9,46,0.4704
9,47,0.4770
9,48,0.4802
9,49,0.4758
9,50,0.4640
9,51,0.4298
9,52,0.4005
9,53,0.3760
9,54,0.3541
9,55,0.3480
9,56,0.3513
9,57,0.3607
9,58,0.3670
9,59,0.3686
9,60,0.3777
9,61,0.3880
9,62,0.3945
9,63,0.4094
9,64,0.4214
9,65,0.4287
9,66,0.4365
9,67,0.4427
9,68,0.4500
9,69,0.4557
9,70,0.4556
9,71,0.4636
9,72,0.4658
9,73,0.4671
9,74,0.4687
9,75,0.4719
9,76,0.4746
9,77,0.4761
9,78,0.4767
9,79,0.4768
9,80,0.4806
9,81,0.4787
9,82,0.4729
9,83,0.4752
9,84,0.4826
9,85,0.4916
9,86,0.4933
9,87,0.4885
9,88,0.4886
9,89,0.4978
9,90,0.4877
10,1,0.4871
10,2,0.4825
10,3,0.4774
10,4,0.4479
10,5,0.3901
10,6,0.2819
10,7,0.2266
10,8,0.1727
10,9,0.1213
10,10,0.0000
10,11,0.1107
10,12,0.1566
10,13,0.1947
10,14,0.2298
10,15,0.2610
10,16,0.2861
10,17,0.3181
10,18,0.3427
10,19,0.3643
10,20,0.3741
10,21,0.3953
10,22,0.4025
10,23,0.4123
10,24,0.4122
10,25,0.4220
10,26,0.4278
10,27,0.4340
10,28,0.4381
10,29,0.4481
10,30,0.4526
10,31,0.4604
10,32,0.4640
10,33,0.4681
10,34,0.4760
10,35,0.4787
10,36,0.4812
10,37,0.4881
10,38,0.4879
10,39,0.4769
10,40,0.4758
10,41,0.4650
10,42,0.4819
10,43,0.4857
10,44,0.4850
10,45,0.4871
10,46,0.4777
10,47,0.4841
10,48,0.4850
10,49,0.4818
10,50,0.4595
10,51,0.4419
10,52,0.4051
10,53,0.3787
10,54,0.3583
10,55,0.3492
10,56,0.3455
10,57,0.3506
10,58,0.3522
10,59,0.3629
10,60,0.3728
10,61,0.3776
10,62,0.3852
10,63,0.3983
10,64,0.4112
10,65,0.4164
10,66,0.4222
10,67,0.4323
10,68,0.4429
10,69,0.4494
10,70,0.4476
10,71,0.4540
10,72,0.4551
10,73,0.4565
10,74,0.4602
10,75,0.4629
10,76,0.4659
10,77,0.4670
10,78,0.4673
10,79,0.4675
10,80,0.4723
10,81,0.4722
10,82,0.4740
10,83,0.4798
10,84,0.4894
10,85,0.4956
10,86,0.4959
10,87,0.4895
10,88,0.4890
10,89,0.4943
10,90,0.5007
11,1,0.4894
11,2,0.4945
11,3,0.4829
11,4,0.4542
11,5,0.3988
11,6,0.2959
11,7,0.2536
11,8,0.2132
11,9,0.1658
11,10,0.1107
11,11,0.0000
11,12,0.1054
11,13,0.1503
11,14,0.1871
11,15,0.2230
11,16,0.2521
11,17,0.2862
11,18,0.3157
11,19,0.3339
11,20,0.3549
11,21,0.3770
11,22,0.3863
11,23,0.3963
11,24,0.3984
11,25,0.4101
11,26,0.4186
11,27,0.4285
11,28,0.4322
11,29,0.4431
11,30,0.4469
11,31,0.4552
11,32,0.4590
11,33,0.4636
11,34,0.4710
11,35,0.4813
11,36,0.4798
11,37,0.4883
11,38,0.4852
11,39,0.4728
11,40,0.4697
11,41,0.4604
11,42,0.4741
11,43,0.4922
11,44,0.4879
11,45,0.4900
11,46,0.4813
11,47,0.4866
11,48,0.4853
11,49,0.4830
11,50,0.4592
11,51,0.4451
11,52,0.4101
11,53,0.3836
11,54,0.3633
11,55,0.3572
11,56,0.3467
11,57,0.3547
11,58,0.3473
11,59,0.3520
11,60,0.3678
11,61,0.3716
11,62,0.3771
11,63,0.3907
11,64,0.4023
11,65,0.4085
11,66,0.4150
11,67,0.4297
11,68,0.4383
11,69,0.4463
11,70,0.4434
11,71,0.4489
11,72,0.4493
11,73,0.4488
11,74,0.4518
11,75,0.4557
11,76,0.4586
11,77,0.4584
11,78,0.4613
11,79,0.4627
11,80,0.4685
11,81,0.4711
11,82,0.4725
11,83,0.4775
11,84,0.4909
11,85,0.4969
11,86,0.4965
11,87,0.4905
11,88,0.4904
11,89,0.4958
11,90,0.5027
12,1,0.4893
12,2,0.4942
12,3,0.4873
12,4,0.4581
12,5,0.4036
12,6,0.3107
12,7,0.2810
12,8,0.2484
12,9,0.2056
12,10,0.1566
12,11,0.1054
12,12,0.0000
12,13,0.1067
12,14,0.1457
12,15,0.1817
12,16,0.2131
12,17,0.2490
12,18,0.2820
12,19,0.3048
12,20,0.3292
12,21,0.3550
12,22,0.3682
12,23,0.3801
12,24,0.3829
12,25,0.3973
12,26,0.4059
12,27,0.4189
12,28,0.4294
12,29,0.4367
12,30,0.4402
12,31,0.4491
12,32,0.4530
12,33,0.4587
12,34,0.4661
12,35,0.4760
12,36,0.4788
12,37,0.4871
12,38,0.4805
12,39,0.4690
12,40,0.4678
12,41,0.4633
12,42,0.4758
12,43,0.4904
12,44,0.4966
12,45,0.4901
12,46,0.4817
12,47,0.4866
12,48,0.4863
12,49,0.4823
12,50,0.4571
12,51,0.4386
12,52,0.4282
12,53,0.3848
12,54,0.3670
12,55,0.3584
12,56,0.3476
12,57,0.3514
12,58,0.3436
12,59,0.3387
12,60,0.3439
12,61,0.3596
12,62,0.3605
12,63,0.3749
12,64,0.3863
12,65,0.3968
12,66,0.4049
12,67,0.4195
12,68,0.4313
12,69,0.4371
12,70,0.4354
12,71,0.4428
12,72,0.4432
12,73,0.4426
12,74,0.4428
12,75,0.4462
12,76,0.4521
12,77,0.4542
12,78,0.4569
12,79,0.4601
12,80,0.4656
12,81,0.4676
12,82,0.4681
12,83,0.4751
12,84,0.4869
12,85,0.4977
12,86,0.4970
12,87,0.4918
12,88,0.4906
12,89,0.4950
12,90,0.5010
13,1,0.4938
13,2,0.4981
13,3,0.4920
13,4,0.4673
13,5,0.4121
13,6,0.3303
13,7,0.3102
13,8,0.2796
13,9,0.2408
13,10,0.1947
13,11,0.1503
13,12,0.1067
13,13,0.0000
13,14,0.1006
13,15,0.1446
13,16,0.1794
13,17,0.2160
13,18,0.2533
13,19,0.2802
13,20,0.3080
13,21,0.3330
13,22,0.3504
13,23,0.3654
13,24,0.3719
13,25,0.3878
13,26,0.3989
13,27,0.4120
13,28,0.4232
13,29,0.4354
13,30,0.4346
13,31,0.4433
13,32,0.4477
13,33,0.4533
13,34,0.4612
13,35,0.4684
13,36,0.4730
13,37,0.4788
13,38,0.4791
13,39,0.4697
13,40,0.4697
13,41,0.4666
13,42,0.4784
13,43,0.4927
13,44,0.4968
13,45,0.4987
13,46,0.4855
13,47,0.4899
13,48,0.4874
13,49,0.4782
13,50,0.4560
13,51,0.4346
13,52,0.4242
13,53,0.4100
13,54,0.3796
13,55,0.3699
13,56,0.3573
13,57,0.3503
13,58,0.3426
13,59,0.3352
13,60,0.3338
13,61,0.3437
13,62,0.3510
13,63,0.3650
13,64,0.3764
13,65,0.3883
13,66,0.3972
13,67,0.4122
13,68,0.4239
13,69,0.4342
13,70,0.4278
13,71,0.4376
13,72,0.4391
13,73,0.4405
13,74,0.4400
13,75,0.4430
13,76,0.4436
13,77,0.4473
13,78,0.4512
13,79,0.4546
13,80,0.4632
13,81,0.4644
13,82,0.4662
13,83,0.4734
13,84,0.4842
13,85,0.4982
13,86,0.4968
13,87,0.4948
13,88,0.4950
13,89,0.4974
13,90,0.5021
14,1,0.4941
14,2,0.4992
14,3,0.4943
14,4,0.4686
14,5,0.4239
14,6,0.3451
14,7,0.3308
14,8,0.3092
14,9,0.2723
14,10,0.2298
14,11,0.1871
14,12,0.1457
14,13,0.1006
14,14,0.0000
14,15,0.0994
14,16,0.1413
14,17,0.1820
14,18,0.2218
14,19,0.2525
14,20,0.2824
14,21,0.3111
14,22,0.3268
14,23,0.3509
14,24,0.3603
14,25,0.3774
14,26,0.3899
14,27,0.4049
14,28,0.4162
14,29,0.4300
14,30,0.4347
14,31,0.4396
14,32,0.4448
14,33,0.4493
14,34,0.4576
14,35,0.4639
14,36,0.4684
14,37,0.4739
14,38,0.4743
14,39,0.4720
14,40,0.4734
14,41,0.4704
14,42,0.4823
14,43,0.4931
14,44,0.4931
14,45,0.4947
14,46,0.4909
14,47,0.4920
14,48,0.4878
14,49,0.4792
14,50,0.4556
14,51,0.4315
14,52,0.4214
14,53,0.4081
14,54,0.4013
14,55,0.3815
14,56,0.3668
14,57,0.3564
14,58,0.3472
14,59,0.3343
14,60,0.3296
14,61,0.3316
14,62,0.3469
14,63,0.3554
14,64,0.3669
14,65,0.3779
14,66,0.3877
14,67,0.4034
14,68,0.4149
14,69,0.4282
14,70,0.4273
14,71,0.4321
14,72,0.4348
14,73,0.4358
14,74,0.4379
14,75,0.4420
14,76,0.4418
14,77,0.4443
14,78,0.4464
14,79,0.4539
14,80,0.4622
14,81,0.4628
14,82,0.4710
14,83,0.4728
14,84,0.4819
14,85,0.4921
14,86,0.4938
14,87,0.4979
14,88,0.4968
14,89,0.4974
14,90,0.5000
15,1,0.4946
15,2,0.4993
15,3,0.4934
15,4,0.4698
15,5,0.4313
15,6,0.3691
15,7,0.3524
15,8,0.3327
15,9,0.3011
15,10,0.2610
15,11,0.2230
15,12,0.1817
15,13,0.1446
15,14,0.0994
15,15,0.0000
15,16,0.0993
15,17,0.1442
15,18,0.1883
15,19,0.2215
15,20,0.2529
15,21,0.2842
15,22,0.3044
15,23,0.3270
15,24,0.3398
15,25,0.3608
15,26,0.3753
15,27,0.3917
15,28,0.4043
15,29,0.4190
15,30,0.4249
15,31,0.4353
15,32,0.4370
15,33,0.4412
15,34,0.4508
15,35,0.4598
15,36,0.4626
15,37,0.4702
15,38,0.4673
15,39,0.4641
15,40,0.4718
15,41,0.4716
15,42,0.4849
15,43,0.4933
15,44,0.4931
15,45,0.4946
15,46,0.4896
15,47,0.4948
15,48,0.4932
15,49,0.4863
15,50,0.4518
15,51,0.4272
15,52,0.4160
15,53,0.4041
15,54,0.3967
15,55,0.3950
15,56,0.3758
15,57,0.3614
15,58,0.3501
15,59,0.3352
15,60,0.3227
15,61,0.3171
15,62,0.3318
15,63,0.3425
15,64,0.3549
15,65,0.3654
15,66,0.3771
15,67,0.3899
15,68,0.4036
15,69,0.4168
15,70,0.4166
15,71,0.4251
15,72,0.4258
15,73,0.4290
15,74,0.4296
15,75,0.4352
15,76,0.4370
15,77,0.4431
15,78,0.4444
15,79,0.4482
15,80,0.4592
15,81,0.4615
15,82,0.4700
15,83,0.4704
15,84,0.4787
15,85,0.4881
15,86,0.4888
15,87,0.4900
15,88,0.5000
15,89,0.4961
15,90,0.4996
16,1,0.4965
16,2,0.5000
16,3,0.4948
16,4,0.4723
16,5,0.4312
16,6,0.3817
16,7,0.3746
16,8,0.3506
16,9,0.3227
16,10,0.2861
16,11,0.2521
16,12,0.2131
16,13,0.1794
16,14,0.1413
16,15,0.0993
16,16,0.0000
16,17,0.0971
16,18,0.1440
16,19,0.1767
16,20,0.2186
16,21,0.2512
16,22,0.2754
16,23,0.3012
16,24,0.3207
16,25,0.3437
16,26,0.3589
16,27,0.3780
16,28,0.3925
16,29,0.4077
16,30,0.4156
16,31,0.4275
16,32,0.4354
16,33,0.4381
16,34,0.4490
16,35,0.4540
16,36,0.4610
16,37,0.4655
16,38,0.4662
16,39,0.4609
16,40,0.4662
16,41,0.4731
16,42,0.4860
16,43,0.4919
16,44,0.4934
16,45,0.4932
16,46,0.4882
16,47,0.4938
16,48,0.4935
16,49,0.4897
16,50,0.4547
16,51,0.4271
16,52,0.4174
16,53,0.4079
16,54,0.3984
16,55,0.3969
16,56,0.3889
16,57,0.3704
16,58,0.3622
16,59,0.3447
16,60,0.3262
16,61,0.3170
16,62,0.3224
16,63,0.3332
16,64,0.3438
16,65,0.3537
16,66,0.3629
16,67,0.3814
16,68,0.3895
16,69,0.4033
16,70,0.4040
16,71,0.4182
16,72,0.4238
16,73,0.4260
16,74,0.4279
16,75,0.4337
16,76,0.4351
16,77,0.4419
16,78,0.4437
16,79,0.4424
16,80,0.4555
16,81,0.4611
16,82,0.4657
16,83,0.4720
16,84,0.4806
16,85,0.4900
16,86,0.4886
16,87,0.4920
16,88,0.4990
16,89,0.4973
16,90,0.5011
17,1,0.4973
17,2,0.4992
17,3,0.4950
17,4,0.4746
17,5,0.4391
17,6,0.3968
17,7,0.3929
17,8,0.3792
17,9,0.3484
17,10,0.3181
17,11,0.2862
17,12,0.2490
17,13,0.2160
17,14,0.1820
17,15,0.1442
17,16,0.0971
17,17,0.0000
17,18,0.1039
17,19,0.1354
17,20,0.1762
17,21,0.2156
17,22,0.2462
17,23,0.2727
17,24,0.2975
17,25,0.3263
17,26,0.3417
17,27,0.3636
17,28,0.3818
17,29,0.3980
17,30,0.4075
17,31,0.4196
17,32,0.4292
17,33,0.4362
17,34,0.4452
17,35,0.4504
17,36,0.4578
17,37,0.4620
17,38,0.4631
17,39,0.4570
17,40,0.4617
17,41,0.4678
17,42,0.4865
17,43,0.4893
17,44,0.4942
17,45,0.4943
17,46,0.4885
17,47,0.4937
17,48,0.4944
17,49,0.4839
17,50,0.4716
17,51,0.4379
17,52,0.4260
17,53,0.4171
17,54,0.4109
17,55,0.4101
17,56,0.4011
17,57,0.3875
17,58,0.3782
17,59,0.3599
17,60,0.3403
17,61,0.3268
17,62,0.3250
17,63,0.3267
17,64,0.3358
17,65,0.3514
17,66,0.3509
17,67,0.3702
17,68,0.3772
17,69,0.3924
17,70,0.3914
17,71,0.4079
17,72,0.4124
17,73,0.4189
17,74,0.4193
17,75,0.4261
17,76,0.4293
17,77,0.4370
17,78,0.4371
17,79,0.4373
17,80,0.4497
17,81,0.4526
17,82,0.4592
17,83,0.4667
17,84,0.4774
17,85,0.4880
17,86,0.4872
17,87,0.4899
17,88,0.4940
17,89,0.5081
17,90,0.5006
18,1,0.5024
18,2,0.4982
18,3,0.4957
18,4,0.4778
18,5,0.4456
18,6,0.4105
18,7,0.4038
18,8,0.3937
18,9,0.3750
18,10,0.3427
18,11,0.3157
18,12,0.2820
18,13,0.2533
18,14,0.2218
18,15,0.1883
18,16,0.1440
18,17,0.1039
18,18,0.0000
18,19,0.1002
18,20,0.1433
18,21,0.1830
18,22,0.2250
18,23,0.2505
18,24,0.2799
18,25,0.3121
18,26,0.3268
18,27,0.3524
18,28,0.3731
18,29,0.3910
18,30,0.4014
18,31,0.4140
18,32,0.4244
18,33,0.4328
18,34,0.4451
18,35,0.4478
18,36,0.4562
18,37,0.4607
18,38,0.4607
18,39,0.4545
18,40,0.4592
18,41,0.4641
18,42,0.4857
18,43,0.4888
18,44,0.4957
18,45,0.4963
18,46,0.4901
18,47,0.4932
18,48,0.4939
18,49,0.4836
18,50,0.4659
18,51,0.4514
18,52,0.4357
18,53,0.4273
18,54,0.4199
18,55,0.4192
18,56,0.4105
18,57,0.3976
18,58,0.3917
18,59,0.3746
18,60,0.3510
18,61,0.3395
18,62,0.3319
18,63,0.3260
18,64,0.3305
18,65,0.3428
18,66,0.3439
18,67,0.3587
18,68,0.3676
18,69,0.3832
18,70,0.3832
18,71,0.3999
18,72,0.4044
18,73,0.4128
18,74,0.4166
18,75,0.4252
18,76,0.4287
18,77,0.4351
18,78,0.4361
18,79,0.4356
18,80,0.4474
18,81,0.4476
18,82,0.4555
18,83,0.4675
18,84,0.4788
18,85,0.4881
18,86,0.4900
18,87,0.4928
18,88,0.4924
18,89,0.5019
18,90,0.5116
19,1,0.5027
19,2,0.5037
19,3,0.4930
19,4,0.4756
19,5,0.4456
19,6,0.4119
19,7,0.4112
19,8,0.4012
19,9,0.3835
19,10,0.3643
19,11,0.3339
19,12,0.3048
19,13,0.2802
19,14,0.2525
19,15,0.2215
19,16,0.1767
19,17,0.1354
19,18,0.1002
19,19,0.0000
19,20,0.1014
19,21,0.1465
19,22,0.1879
19,23,0.2213
19,24,0.2511
19,25,0.2846
19,26,0.3052
19,27,0.3322
19,28,0.3554
19,29,0.3743
19,30,0.3877
19,31,0.4021
19,32,0.4147
19,33,0.4236
19,34,0.4358
19,35,0.4432
19,36,0.4516
19,37,0.4565
19,38,0.4554
19,39,0.4462
19,40,0.4494
19,41,0.4572
19,42,0.4794
19,43,0.4924
19,44,0.4942
19,45,0.4957
19,46,0.4909
19,47,0.4948
19,48,0.4965
19,49,0.4849
19,50,0.4663
19,51,0.4530
19,52,0.4401
19,53,0.4346
19,54,0.4271
19,55,0.4267
19,56,0.4193
19,57,0.4078
19,58,0.3993
19,59,0.3844
19,60,0.3667
19,61,0.3505
19,62,0.3395
19,63,0.3293
19,64,0.3258
19,65,0.3282
19,66,0.3319
19,67,0.3518
19,68,0.3575
19,69,0.3730
19,70,0.3750
19,71,0.3907
19,72,0.3967
19,73,0.4068
19,74,0.4092
19,75,0.4169
19,76,0.4221
19,77,0.4289
19,78,0.4295
19,79,0.4321
19,80,0.4415
19,81,0.4404
19,82,0.4495
19,83,0.4597
19,84,0.4761
19,85,0.4854
19,86,0.4857
19,87,0.4908
19,88,0.4893
19,89,0.4990
19,90,0.5109
20,1,0.5007
20,2,0.5015
20,3,0.4983
20,4,0.4779
20,5,0.4495
20,6,0.4173
20,7,0.4161
20,8,0.4078
20,9,0.3915
20,10,0.3741
20,11,0.3549
20,12,0.3292
20,13,0.3080
20,14,0.2824
20,15,0.2529
20,16,0.2186
20,17,0.1762
20,18,0.1433
20,19,0.1014
20,20,0.0000
20,21,0.1079
20,22,0.1580
20,23,0.1874
20,24,0.2181
20,25,0.2560
20,26,0.2798
20,27,0.3131
20,28,0.3411
20,29,0.3617
20,30,0.3766
20,31,0.3937
20,32,0.4075
20,33,0.4155
20,34,0.4285
20,35,0.4380
20,36,0.4471
20,37,0.4596
20,38,0.4538
20,39,0.4448
20,40,0.4498
20,41,0.4566
20,42,0.4780
20,43,0.4888
20,44,0.5019
20,45,0.4930
20,46,0.4909
20,47,0.4937
20,48,0.4950
20,49,0.4848
20,50,0.4667
20,51,0.4547
20,52,0.4598
20,53,0.4429
20,54,0.4349
20,55,0.4354
20,56,0.4268
20,57,0.4187
20,58,0.4080
20,59,0.3919
20,60,0.3727
20,61,0.3625
20,62,0.3484
20,63,0.3354
20,64,0.3258
20,65,0.3223
20,66,0.3221
20,67,0.3413
20,68,0.3527
20,69,0.3653
20,70,0.3665
20,71,0.3829
20,72,0.3884
20,73,0.3981
20,74,0.3998
20,75,0.4089
20,76,0.4157
20,77,0.4295
20,78,0.4302
20,79,0.4344
20,80,0.4399
20,81,0.4398
20,82,0.4467
20,83,0.4586
20,84,0.4734
20,85,0.4872
20,86,0.4876
20,87,0.4930
20,88,0.4914
20,89,0.4984
20,90,0.5079
21,1,0.5062
21,2,0.5084
21,3,0.5044
21,4,0.4904
21,5,0.4584
21,6,0.4314
21,7,0.4287
21,8,0.4224
21,9,0.4089
21,10,0.3953
21,11,0.3770
21,12,0.3550
21,13,0.3330
21,14,0.3111
21,15,0.2842
21,16,0.2512
21,17,0.2156
21,18,0.1830
21,19,0.1465
21,20,0.1079
21,21,0.0000
21,22,0.1055
21,23,0.1418
21,24,0.1770
21,25,0.2191
21,26,0.2496
21,27,0.2877
21,28,0.3183
21,29,0.3503
21,30,0.3629
21,31,0.3820
21,32,0.3970
21,33,0.4088
21,34,0.4220
21,35,0.4305
21,36,0.4426
21,37,0.4534
21,38,0.4590
21,39,0.4498
21,40,0.4557
21,41,0.4617
21,42,0.4811
21,43,0.4879
21,44,0.4980
21,45,0.5039
21,46,0.4963
21,47,0.4959
21,48,0.4962
21,49,0.4843
21,50,0.4658
21,51,0.4546
21,52,0.4598
21,53,0.4581
21,54,0.4433
21,55,0.4439
21,56,0.4362
21,57,0.4225
21,58,0.4167
21,59,0.4034
21,60,0.3839
21,61,0.3742
21,62,0.3588
21,63,0.3437
21,64,0.3315
21,65,0.3248
21,66,0.3174
21,67,0.3260
21,68,0.3329
21,69,0.3534
21,70,0.3507
21,71,0.3717
21,72,0.3782
21,73,0.3898
21,74,0.3906
21,75,0.4015
21,76,0.4081
21,77,0.4225
21,78,0.4254
21,79,0.4284
21,80,0.4385
21,81,0.4397
21,82,0.4453
21,83,0.4557
21,84,0.4704
21,85,0.4861
21,86,0.4895
21,87,0.4952
21,88,0.4927
21,89,0.4988
21,90,0.5068
22,1,0.5033
22,2,0.5053
22,3,0.5023
22,4,0.4909
22,5,0.4633
22,6,0.4356
22,7,0.4338
22,8,0.4275
22,9,0.4150
22,10,0.4025
22,11,0.3863
22,12,0.3682
22,13,0.3504
22,14,0.3268
22,15,0.3044
22,16,0.2754
22,17,0.2462
22,18,0.2250
22,19,0.1879
22,20,0.1580
22,21,0.1055
22,22,0.0000
22,23,0.1057
22,24,0.1455
22,25,0.1891
22,26,0.2295
22,27,0.2709
22,28,0.3031
22,29,0.3371
22,30,0.3539
22,31,0.3719
22,32,0.3898
22,33,0.4027
22,34,0.4160
22,35,0.4246
22,36,0.4369
22,37,0.4463
22,38,0.4503
22,39,0.4524
22,40,0.4578
22,41,0.4624
22,42,0.4831
22,43,0.4864
22,44,0.4933
22,45,0.4970
22,46,0.4981
22,47,0.4957
22,48,0.4938
22,49,0.4824
22,50,0.4616
22,51,0.4540
22,52,0.4563
22,53,0.4552
22,54,0.4529
22,55,0.4467
22,56,0.4385
22,57,0.4233
22,58,0.4183
22,59,0.4060
22,60,0.3866
22,61,0.3729
22,62,0.3714
22,63,0.3491
22,64,0.3324
22,65,0.3241
22,66,0.3168
22,67,0.3205
22,68,0.3216
22,69,0.3405
22,70,0.3451
22,71,0.3619
22,72,0.3710
22,73,0.3799
22,74,0.3824
22,75,0.3940
22,76,0.3995
22,77,0.4145
22,78,0.4175
22,79,0.4263
22,80,0.4358
22,81,0.4384
22,82,0.4502
22,83,0.4521
22,84,0.4659
22,85,0.4800
22,86,0.4819
22,87,0.4972
22,88,0.4929
22,89,0.4957
22,90,0.5014
23,1,0.5021
23,2,0.5048
23,3,0.5030
23,4,0.4921
23,5,0.4682
23,6,0.4492
23,7,0.4407
23,8,0.4352
23,9,0.4240
23,10,0.4123
23,11,0.3963
23,12,0.3801
23,13,0.3654
23,14,0.3509
23,15,0.3270
23,16,0.3012
23,17,0.2727
23,18,0.2505
23,19,0.2213
23,20,0.1874
23,21,0.1418
23,22,0.1057
23,23,0.0000
23,24,0.1012
23,25,0.1577
23,26,0.1980
23,27,0.2398
23,28,0.2785
23,29,0.3188
23,30,0.3377
23,31,0.3627
23,32,0.3810
23,33,0.3945
23,34,0.4104
23,35,0.4196
23,36,0.4333
23,37,0.4430
23,38,0.4482
23,39,0.4451
23,40,0.4624
23,41,0.4672
23,42,0.4847
23,43,0.4882
23,44,0.4916
23,45,0.4943
23,46,0.4965
23,47,0.4950
23,48,0.4954
23,49,0.4857
23,50,0.4626
23,51,0.4560
23,52,0.4587
23,53,0.4592
23,54,0.4571
23,55,0.4577
23,56,0.4476
23,57,0.4343
23,58,0.4295
23,59,0.4173
23,60,0.3983
23,61,0.3838
23,62,0.3796
23,63,0.3672
23,64,0.3421
23,65,0.3304
23,66,0.3239
23,67,0.3245
23,68,0.3145
23,69,0.3292
23,70,0.3332
23,71,0.3524
23,72,0.3602
23,73,0.3700
23,74,0.3736
23,75,0.3858
23,76,0.3925
23,77,0.4077
23,78,0.4125
23,79,0.4190
23,80,0.4340
23,81,0.4380
23,82,0.4483
23,83,0.4479
23,84,0.4593
23,85,0.4742
23,86,0.4768
23,87,0.4887
23,88,0.4975
23,89,0.4960
23,90,0.5018
24,1,0.4984
24,2,0.5003
24,3,0.4994
24,4,0.4898
24,5,0.4653
24,6,0.4446
24,7,0.4419
24,8,0.4346
24,9,0.4255
24,10,0.4122
24,11,0.3984
24,12,0.3829
24,13,0.3719
24,14,0.3603
24,15,0.3398
24,16,0.3207
24,17,0.2975
24,18,0.2799
24,19,0.2511
24,20,0.2181
24,21,0.1770
24,22,0.1455
24,23,0.1012
24,24,0.0000
24,25,0.1073
24,26,0.1525
24,27,0.1970
24,28,0.2386
24,29,0.2832
24,30,0.3077
24,31,0.3381
24,32,0.3624
24,33,0.3789
24,34,0.3957
24,35,0.4104
24,36,0.4219
24,37,0.4345
24,38,0.4379
24,39,0.4358
24,40,0.4465
24,41,0.4677
24,42,0.4853
24,43,0.4870
24,44,0.4907
24,45,0.4916
24,46,0.4934
24,47,0.4938
24,48,0.4967
24,49,0.4900
24,50,0.4674
24,51,0.4595
24,52,0.4575
24,53,0.4577
24,54,0.4539
24,55,0.4553
24,56,0.4483
24,57,0.4384
24,58,0.4313
24,59,0.4201
24,60,0.3995
24,61,0.3830
24,62,0.3771
24,63,0.3674
24,64,0.3557
24,65,0.3383
24,66,0.3357
24,67,0.3308
24,68,0.3252
24,69,0.3341
24,70,0.3310
24,71,0.3451
24,72,0.3538
24,73,0.3610
24,74,0.3643
24,75,0.3789
24,76,0.3863
24,77,0.4026
24,78,0.4070
24,79,0.4162
24,80,0.4268
24,81,0.4356
24,82,0.4428
24,83,0.4448
24,84,0.4540
24,85,0.4686
24,86,0.4728
24,87,0.4877
24,88,0.4953
24,89,0.4965
24,90,0.5015
25,1,0.4947
25,2,0.4976
25,3,0.4973
25,4,0.4903
25,5,0.4661
25,6,0.4469
25,7,0.4443
25,8,0.4353
25,9,0.4312
25,10,0.4220
25,11,0.4101
25,12,0.3973
25,13,0.3878
25,14,0.3774
25,15,0.3608
25,16,0.3437
25,17,0.3263
25,18,0.3121
25,19,0.2846
25,20,0.2560
25,21,0.2191
25,22,0.1891
25,23,0.1577
25,24,0.1073
25,25,0.0000
25,26,0.1117
25,27,0.1556
25,28,0.1949
25,29,0.2429
25,30,0.2718
25,31,0.3073
25,32,0.3346
25,33,0.3572
25,34,0.3786
25,35,0.3964
25,36,0.4100
25,37,0.4221
25,38,0.4251
25,39,0.4235
25,40,0.4351
25,41,0.4511
25,42,0.4862
25,43,0.4873
25,44,0.4905
25,45,0.4925
25,46,0.4898
25,47,0.4931
25,48,0.4972
25,49,0.4883
25,50,0.4825
25,51,0.4674
25,52,0.4600
25,53,0.4579
25,54,0.4513
25,55,0.4532
25,56,0.4464
25,57,0.4400
25,58,0.4332
25,59,0.4213
25,60,0.4037
25,61,0.3898
25,62,0.3826
25,63,0.3744
25,64,0.3641
25,65,0.3525
25,66,0.3467
25,67,0.3442
25,68,0.3365
25,69,0.3435
25,70,0.3314
25,71,0.3391
25,72,0.3468
25,73,0.3567
25,74,0.3594
25,75,0.3735
25,76,0.3784
25,77,0.3957
25,78,0.3992
25,79,0.4092
25,80,0.4200
25,81,0.4268
25,82,0.4378
25,83,0.4404
25,84,0.4500
25,85,0.4618
25,86,0.4686
25,87,0.4833
25,88,0.4884
25,89,0.5050
25,90,0.5012
26,1,0.4976
26,2,0.4983
26,3,0.4992
26,4,0.4912
26,5,0.4708
26,6,0.4527
26,7,0.4503
26,8,0.4427
26,9,0.4342
26,10,0.4278
26,11,0.4186
26,12,0.4059
26,13,0.3989
26,14,0.3899
26,15,0.3753
26,16,0.3589
26,17,0.3417
26,18,0.3268
26,19,0.3052
26,20,0.2798
26,21,0.2496
26,22,0.2295
26,23,0.1980
26,24,0.1525
26,25,0.1117
26,26,0.0000
26,27,0.1106
26,28,0.1594
26,29,0.2066
26,30,0.2419
26,31,0.2784
26,32,0.3097
26,33,0.3361
26,34,0.3628
26,35,0.3802
26,36,0.3965
26,37,0.4084
26,38,0.4123
26,39,0.4131
26,40,0.4267
26,41,0.4450
26,42,0.4795
26,43,0.4839
26,44,0.4894
26,45,0.4917
26,46,0.4888
26,47,0.4918
26,48,0.4947
26,49,0.4859
26,50,0.4801
26,51,0.4749
26,52,0.4621
26,53,0.4571
26,54,0.4506
26,55,0.4517
26,56,0.4455
26,57,0.4381
26,58,0.4346
26,59,0.4270
26,60,0.4102
26,61,0.3942
26,62,0.3859
26,63,0.3778
26,64,0.3702
26,65,0.3631
26,66,0.3538
26,67,0.3530
26,68,0.3467
26,69,0.3505
26,70,0.3383
26,71,0.3390
26,72,0.3381
26,73,0.3487
26,74,0.3486
26,75,0.3611
26,76,0.3689
26,77,0.3855
26,78,0.3920
26,79,0.4017
26,80,0.4158
26,81,0.4226
26,82,0.4335
26,83,0.4410
26,84,0.4503
26,85,0.4592
26,86,0.4689
26,87,0.4837
26,88,0.4871
26,89,0.4993
26,90,0.5126
27,1,0.4969
27,2,0.5003
27,3,0.5015
27,4,0.4961
27,5,0.4762
27,6,0.4620
27,7,0.4579
27,8,0.4507
27,9,0.4422
27,10,0.4340
27,11,0.4285
27,12,0.4189
27,13,0.4120
27,14,0.4049
27,15,0.3917
27,16,0.3780
27,17,0.3636
27,18,0.3524
27,19,0.3322
27,20,0.3131
27,21,0.2877
27,22,0.2709
27,23,0.2398
27,24,0.1970
27,25,0.1556
27,26,0.1106
27,27,0.0000
27,28,0.1065
27,29,0.1555
27,30,0.1950
27,31,0.2332
27,32,0.2696
27,33,0.3015
27,34,0.3320
27,35,0.3605
27,36,0.3784
27,37,0.3951
27,38,0.3969
27,39,0.3987
27,40,0.4115
27,41,0.4360
27,42,0.4701
27,43,0.4870
27,44,0.4863
27,45,0.4900
27,46,0.4879
27,47,0.4906
27,48,0.4975
27,49,0.4925
27,50,0.4842
27,51,0.4817
27,52,0.4673
27,53,0.4645
27,54,0.4572
27,55,0.4564
27,56,0.4489
27,57,0.4465
27,58,0.4379
27,59,0.4325
27,60,0.4224
27,61,0.4065
27,62,0.3974
27,63,0.3902
27,64,0.3815
27,65,0.3730
27,66,0.3659
27,67,0.3687
27,68,0.3627
27,69,0.3634
27,70,0.3484
27,71,0.3434
27,72,0.3386
27,73,0.3426
27,74,0.3423
27,75,0.3556
27,76,0.3587
27,77,0.3735
27,78,0.3791
27,79,0.3887
27,80,0.4014
27,81,0.4081
27,82,0.4204
27,83,0.4286
27,84,0.4432
27,85,0.4494
27,86,0.4596
27,87,0.4799
27,88,0.4869
27,89,0.4987
27,90,0.5113
28,1,0.4980
28,2,0.5011
28,3,0.5012
28,4,0.4993
28,5,0.4796
28,6,0.4666
28,7,0.4604
28,8,0.4524
28,9,0.4443
28,10,0.4381
28,11,0.4322
28,12,0.4294
28,13,0.4232
28,14,0.4162
28,15,0.4043
28,16,0.3925
28,17,0.3818
28,18,0.3731
28,19,0.3554
28,20,0.3411
28,21,0.3183
28,22,0.3031
28,23,0.2785
28,24,0.2386
28,25,0.1949
28,26,0.1594
28,27,0.1065
28,28,0.0000
28,29,0.1070
28,30,0.1459
28,31,0.1895
28,32,0.2299
28,33,0.2644
28,34,0.2992
28,35,0.3312
28,36,0.3533
28,37,0.3826
28,38,0.3853
28,39,0.3896
28,40,0.4042
28,41,0.4299
28,42,0.4650
28,43,0.4798
28,44,0.4919
28,45,0.4870
28,46,0.4849
28,47,0.4915
28,48,0.4954
28,49,0.4913
28,50,0.4828
28,51,0.4796
28,52,0.4808
28,53,0.4647
28,54,0.4578
28,55,0.4566
28,56,0.4496
28,57,0.4483
28,58,0.4409
28,59,0.4336
28,60,0.4215
28,61,0.4152
28,62,0.4040
28,63,0.3986
28,64,0.3875
28,65,0.3835
28,66,0.3785
28,67,0.3819
28,68,0.3806
28,69,0.3757
28,70,0.3606
28,71,0.3531
28,72,0.3473
28,73,0.3461
28,74,0.3379
28,75,0.3503
28,76,0.3569
28,77,0.3668
28,78,0.3717
28,79,0.3819
28,80,0.3934
28,81,0.4003
28,82,0.4133
28,83,0.4224
28,84,0.4335
28,85,0.4477
28,86,0.4544
28,87,0.4763
28,88,0.4849
28,89,0.4973
28,90,0.5079
29,1,0.4991
29,2,0.5017
29,3,0.5009
29,4,0.4953
29,5,0.4821
29,6,0.4738
29,7,0.4684
29,8,0.4593
29,9,0.4524
29,10,0.4481
29,11,0.4431
29,12,0.4367
29,13,0.4354
29,14,0.4300
29,15,0.4190
29,16,0.4077
29,17,0.3980
29,18,0.3910
29,19,0.3743
29,20,0.3617
29,21,0.3503
29,22,0.3371
29,23,0.3188
29,24,0.2832
29,25,0.2429
29,26,0.2066
29,27,0.1555
29,28,0.1070
29,29,0.0000
29,30,0.1044
29,31,0.1505
29,32,0.1903
29,33,0.2287
29,34,0.2666
29,35,0.3007
29,36,0.3284
29,37,0.3547
29,38,0.3799
29,39,0.3853
29,40,0.4032
29,41,0.4264
29,42,0.4615
29,43,0.4786
29,44,0.4855
29,45,0.4953
29,46,0.4846
29,47,0.4923
29,48,0.4969
29,49,0.4953
29,50,0.4823
29,51,0.4785
29,52,0.4792
29,53,0.4798
29,54,0.4637
29,55,0.4635
29,56,0.4566
29,57,0.4522
29,58,0.4455
29,59,0.4389
29,60,0.4246
29,61,0.4214
29,62,0.4122
29,63,0.4104
29,64,0.4007
29,65,0.3957
29,66,0.3923
29,67,0.3944
29,68,0.3934
29,69,0.3915
29,70,0.3748
29,71,0.3667
29,72,0.3589
29,73,0.3565
29,74,0.3438
29,75,0.3465
29,76,0.3483
29,77,0.3676
29,78,0.3629
29,79,0.3728
29,80,0.3813
29,81,0.3896
29,82,0.4011
29,83,0.4123
29,84,0.4234
29,85,0.4370
29,86,0.4508
29,87,0.4756
29,88,0.4851
29,89,0.4967
29,90,0.5048
30,1,0.4951
30,2,0.4984
30,3,0.4995
30,4,0.4928
30,5,0.4769
30,6,0.4767
30,7,0.4708
30,8,0.4608
30,9,0.4564
30,10,0.4526
30,11,0.4469
30,12,0.4402
30,13,0.4346
30,14,0.4347
30,15,0.4249
30,16,0.4156
30,17,0.4075
30,18,0.4014
30,19,0.3877
30,20,0.3766
30,21,0.3629
30,22,0.3539
30,23,0.3377
30,24,0.3077
30,25,0.2718
30,26,0.2419
30,27,0.1950
30,28,0.1459
30,29,0.1044
30,30,0.0000
30,31,0.1042
30,32,0.1471
30,33,0.1863
30,34,0.2272
30,35,0.2697
30,36,0.2984
30,37,0.3283
30,38,0.3429
30,39,0.3818
30,40,0.4031
30,41,0.4253
30,42,0.4593
30,43,0.4740
30,44,0.4795
30,45,0.4891
30,46,0.4890
30,47,0.4943
30,48,0.4959
30,49,0.4961
30,50,0.4789
30,51,0.4740
30,52,0.4737
30,53,0.4741
30,54,0.4725
30,55,0.4678
30,56,0.4611
30,57,0.4549
30,58,0.4495
30,59,0.4438
30,60,0.4307
30,61,0.4221
30,62,0.4258
30,63,0.4193
30,64,0.4101
30,65,0.4076
30,66,0.4048
30,67,0.4059
30,68,0.4036
30,69,0.4046
30,70,0.3912
30,71,0.3812
30,72,0.3737
30,73,0.3680
30,74,0.3538
30,75,0.3539
30,76,0.3515
30,77,0.3663
30,78,0.3677
30,79,0.3676
30,80,0.3766
30,81,0.3855
30,82,0.4036
30,83,0.4062
30,84,0.4181
30,85,0.4282
30,86,0.4406
30,87,0.4762
30,88,0.4856
30,89,0.4947
30,90,0.5008
31,1,0.4962
31,2,0.4980
31,3,0.5008
31,4,0.4973
31,5,0.4811
31,6,0.4747
31,7,0.4763
31,8,0.4677
31,9,0.4647
31,10,0.4604
31,11,0.4552
31,12,0.4491
31,13,0.4433
31,14,0.4396
31,15,0.4353
31,16,0.4275
31,17,0.4196
31,18,0.4140
31,19,0.4021
31,20,0.3937
31,21,0.3820
31,22,0.3719
31,23,0.3627
31,24,0.3381
31,25,0.3073
31,26,0.2784
31,27,0.2332
31,28,0.1895
31,29,0.1505
31,30,0.1042
31,31,0.0000
31,32,0.0998
31,33,0.1388
31,34,0.1838
31,35,0.2313
31,36,0.2635
31,37,0.2976
31,38,0.3151
31,39,0.3390
31,40,0.4006
31,41,0.4266
31,42,0.4594
31,43,0.4712
31,44,0.4753
31,45,0.4829
31,46,0.4831
31,47,0.4925
31,48,0.4984
31,49,0.5001
31,50,0.4765
31,51,0.4739
31,52,0.4695
31,53,0.4693
31,54,0.4656
31,55,0.4690
31,56,0.4626
31,57,0.4550
31,58,0.4507
31,59,0.4452
31,60,0.4337
31,61,0.4239
31,62,0.4283
31,63,0.4278
31,64,0.4174
31,65,0.4147
31,66,0.4131
31,67,0.4131
31,68,0.4131
31,69,0.4130
31,70,0.4002
31,71,0.3948
31,72,0.3853
31,73,0.3791
31,74,0.3664
31,75,0.3633
31,76,0.3546
31,77,0.3612
31,78,0.3627
31,79,0.3679
31,80,0.3733
31,81,0.3806
31,82,0.3975
31,83,0.3967
31,84,0.4071
31,85,0.4185
31,86,0.4302
31,87,0.4645
31,88,0.4893
31,89,0.4937
31,90,0.4984
32,1,0.4920
32,2,0.4938
32,3,0.4970
32,4,0.4938
32,5,0.4800
32,6,0.4761
32,7,0.4710
32,8,0.4704
32,9,0.4681
32,10,0.4640
32,11,0.4590
32,12,0.4530
32,13,0.4477
32,14,0.4448
32,15,0.4370
32,16,0.4354
32,17,0.4292
32,18,0.4244
32,19,0.4147
32,20,0.4075
32,21,0.3970
32,22,0.3898
32,23,0.3810
32,24,0.3624
32,25,0.3346
32,26,0.3097
32,27,0.2696
32,28,0.2299
32,29,0.1903
32,30,0.1471
32,31,0.0998
32,32,0.0000
32,33,0.0995
32,34,0.1452
32,35,0.1928
32,36,0.2269
32,37,0.2632
32,38,0.2861
32,39,0.3146
32,40,0.3556
32,41,0.4239
32,42,0.4572
32,43,0.4669
32,44,0.4692
32,45,0.4795
32,46,0.4799
32,47,0.4915
32,48,0.4974
32,49,0.5053
32,50,0.4814
32,51,0.4748
32,52,0.4687
32,53,0.4677
32,54,0.4653
32,55,0.4690
32,56,0.4650
32,57,0.4617
32,58,0.4578
32,59,0.4525
32,60,0.4424
32,61,0.4338
32,62,0.4367
32,63,0.4366
32,64,0.4314
32,65,0.4263
32,66,0.4242
32,67,0.4230
32,68,0.4241
32,69,0.4233
32,70,0.4115
32,71,0.4053
32,72,0.3990
32,73,0.3908
32,74,0.3781
32,75,0.3716
32,76,0.3599
32,77,0.3621
32,78,0.3593
32,79,0.3620
32,80,0.3657
32,81,0.3769
32,82,0.3878
32,83,0.3928
32,84,0.4031
32,85,0.4140
32,86,0.4250
32,87,0.4618
32,88,0.4869
32,89,0.4934
32,90,0.4966
33,1,0.4930
33,2,0.4931
33,3,0.4979
33,4,0.4929
33,5,0.4795
33,6,0.4762
33,7,0.4717
33,8,0.4672
33,9,0.4725
33,10,0.4681
33,11,0.4636
33,12,0.4587
33,13,0.4533
33,14,0.4493
33,15,0.4412
33,16,0.4381
33,17,0.4362
33,18,0.4328
33,19,0.4236
33,20,0.4155
33,21,0.4088
33,22,0.4027
33,23,0.3945
33,24,0.3789
33,25,0.3572
33,26,0.3361
33,27,0.3015
33,28,0.2644
33,29,0.2287
33,30,0.1863
33,31,0.1388
33,32,0.0995
33,33,0.0000
33,34,0.1090
33,35,0.1591
33,36,0.1952
33,37,0.2371
33,38,0.2594
33,39,0.2935
33,40,0.3408
33,41,0.3939
33,42,0.4561
33,43,0.4661
33,44,0.4664
33,45,0.4779
33,46,0.4778
33,47,0.4889
33,48,0.4950
33,49,0.4967
33,50,0.4957
33,51,0.4800
33,52,0.4713
33,53,0.4674
33,54,0.4647
33,55,0.4672
33,56,0.4628
33,57,0.4603
33,58,0.4618
33,59,0.4561
33,60,0.4464
33,61,0.4407
33,62,0.4412
33,63,0.4416
33,64,0.4397
33,65,0.4384
33,66,0.4328
33,67,0.4312
33,68,0.4334
33,69,0.4323
33,70,0.4218
33,71,0.4167
33,72,0.4116
33,73,0.4069
33,74,0.3925
33,75,0.3853
33,76,0.3732
33,77,0.3704
33,78,0.3664
33,79,0.3644
33,80,0.3634
33,81,0.3743
33,82,0.3887
33,83,0.3941
33,84,0.4026
33,85,0.4136
33,86,0.4239
33,87,0.4584
33,88,0.4802
33,89,0.5001
33,90,0.4938
34,1,0.4917
34,2,0.4942
34,3,0.4991
34,4,0.4945
34,5,0.4837
34,6,0.4812
34,7,0.4763
34,8,0.4741
34,9,0.4753
34,10,0.4760
34,11,0.4710
34,12,0.4661
34,13,0.4612
34,14,0.4576
34,15,0.4508
34,16,0.4490
34,17,0.4452
34,18,0.4451
34,19,0.4358
34,20,0.4285
34,21,0.4220
34,22,0.4160
34,23,0.4104
34,24,0.3957
34,25,0.3786
34,26,0.3628
34,27,0.3320
34,28,0.2992
34,29,0.2666
34,30,0.2272
34,31,0.1838
34,32,0.1452
34,33,0.1090
34,34,0.0000
34,35,0.1186
34,36,0.1537
34,37,0.2032
34,38,0.2281
34,39,0.2690
34,40,0.3225
34,41,0.3808
34,42,0.4457
34,43,0.4621
34,44,0.4629
34,45,0.4746
34,46,0.4779
34,47,0.4901
34,48,0.4944
34,49,0.4971
34,50,0.4922
34,51,0.4911
34,52,0.4773
34,53,0.4723
34,54,0.4707
34,55,0.4722
34,56,0.4672
34,57,0.4641
34,58,0.4625
34,59,0.4648
34,60,0.4581
34,61,0.4511
34,62,0.4491
34,63,0.4482
34,64,0.4466
34,65,0.4440
34,66,0.4389
34,67,0.4381
34,68,0.4407
34,69,0.4397
34,70,0.4304
34,71,0.4257
34,72,0.4203
34,73,0.4164
34,74,0.4056
34,75,0.3968
34,76,0.3827
34,77,0.3781
34,78,0.3719
34,79,0.3660
34,80,0.3602
34,81,0.3684
34,82,0.3758
34,83,0.3965
34,84,0.4040
34,85,0.4124
34,86,0.4212
34,87,0.4563
34,88,0.4758
34,89,0.4910
34,90,0.5044
35,1,0.4955
35,2,0.4921
35,3,0.5010
35,4,0.4985
35,5,0.4863
35,6,0.4843
35,7,0.4816
35,8,0.4811
35,9,0.4823
35,10,0.4787
35,11,0.4813
35,12,0.4760
35,13,0.4684
35,14,0.4639
35,15,0.4598
35,16,0.4540
35,17,0.4504
35,18,0.4478
35,19,0.4432
35,20,0.4380
35,21,0.4305
35,22,0.4246
35,23,0.4196
35,24,0.4104
35,25,0.3964
35,26,0.3802
35,27,0.3605
35,28,0.3312
35,29,0.3007
35,30,0.2697
35,31,0.2313
35,32,0.1928
35,33,0.1591
35,34,0.1186
35,35,0.0000
35,36,0.1290
35,37,0.1802
35,38,0.2084
35,39,0.2593
35,40,0.3148
35,41,0.3753
35,42,0.4350
35,43,0.4658
35,44,0.4616
35,45,0.4756
35,46,0.4786
35,47,0.4907
35,48,0.4938
35,49,0.4961
35,50,0.4919
35,51,0.4870
35,52,0.4819
35,53,0.4755
35,54,0.4726
35,55,0.4737
35,56,0.4681
35,57,0.4700
35,58,0.4669
35,59,0.4649
35,60,0.4659
35,61,0.4586
35,62,0.4553
35,63,0.4530
35,64,0.4475
35,65,0.4462
35,66,0.4415
35,67,0.4457
35,68,0.4441
35,69,0.4434
35,70,0.4344
35,71,0.4303
35,72,0.4265
35,73,0.4229
35,74,0.4128
35,75,0.4057
35,76,0.3894
35,77,0.3831
35,78,0.3762
35,79,0.3684
35,80,0.3630
35,81,0.3671
35,82,0.3718
35,83,0.3806
35,84,0.4057
35,85,0.4131
35,86,0.4225
35,87,0.4597
35,88,0.4758
35,89,0.4886
35,90,0.5011
36,1,0.4909
36,2,0.4887
36,3,0.4915
36,4,0.4944
36,5,0.4860
36,6,0.4812
36,7,0.4816
36,8,0.4829
36,9,0.4833
36,10,0.4812
36,11,0.4798
36,12,0.4788
36,13,0.4730
36,14,0.4684
